10.783237738708426
11.995474200890724
10.490229825607075
12.708982018849563
10.170660881305148
16.472903733523374
14.407402686183579
17.913649933530166
17.2031383685795
18.380820933045907
10.792225711676853
15.43554568390996
15.303648450198986
8.27337492047371
16.767190483361517
18.41842720303365
10.976471683570006
12.644585050490408
7.781933458002925
10.909716760791088
14.181848370845689
14.2099600137383
14.129188158284704
18.337174966962834
20.443192503195466
11.62114057039958
17.661654771430396
19.403197057360394
17.45635513858877
13.756498807087153
9.463928269595058
18.825162361042143
15.781474789262125
17.165693467996892
15.745838523138858
12.792720122269419
13.080173825161877
11.579142105919969
17.006641514795824
10.783237738708426
10.783237738708426
10.783237738708426
12.708982018849563
16.472903733523374
17.2031383685795
17.2031383685795
17.2031383685795
10.792225711676853
15.43554568390996
15.43554568390996
15.43554568390996
15.303648450198986
15.303648450198986
15.303648450198986
8.27337492047371
8.27337492047371
8.27337492047371
16.767190483361517
18.41842720303365
10.976471683570006
12.644585050490408
12.644585050490408
12.644585050490408
7.781933458002925
10.909716760791088
14.2099600137383
14.129188158284704
14.129188158284704
14.129188158284704
18.337174966962834
20.443192503195466
20.443192503195466
20.443192503195466
11.62114057039958
11.62114057039958
11.62114057039958
17.661654771430396
19.403197057360394
19.403197057360394
19.403197057360394
19.403197057360394
19.403197057360394
19.403197057360394
19.403197057360394
17.45635513858877
17.45635513858877
17.45635513858877
13.756498807087153
9.463928269595058
18.825162361042143
18.825162361042143
18.825162361042143
15.781474789262125
15.781474789262125
15.781474789262125
15.745838523138858
12.792720122269419
12.792720122269419
12.792720122269419
13.080173825161877
11.579142105919969
17.006641514795824
17.006641514795824
17.006641514795824
17.006641514795824
17.006641514795824
17.006641514795824
17.006641514795824
