6.49803895479045 10.33604514399514 6.267737937815531
13.48749790998965 32.662438515781254 25.664872127631703
15.029779574951805 27.64687697071299 17.579672138397804
45.44010058464732 31.220592301737756 17.763388043491712
38.20766964531553 14.671358449761566 16.59467778645018
31.2097075103274 10.671412768702316 31.90199660747498
12.602682956242354 23.785336798123815 23.44153209680853
20.500979230093233 28.152749145128034 6.961896106510376
8.871110508996367 2.1071288909480184 1.2620801533903065
8.095388066977545 19.1604160078862 6.7852493069613455
23.539708145550556 44.837352238771686 11.596411068667672
4.316052643554769 48.60109954198908 26.91625235961513
15.665260423258593 4.00817348556825 5.425580116971806
8.653787981825898 22.619567998260138 49.431381295080165
41.80847995511568 2.9165786114463104 43.48473774059768
33.86715187603107 37.14345922419707 31.974951324004962
45.73326711759044 26.56156501265447 25.41246335603351
19.078787749338414 0.1726018805556552 4.571228548471577
31.265882768330655 29.631491154621 8.268255177077995
28.17580331413344 25.057749028730452 3.57566363740225
15.729867130459272 19.72793812389912 10.925705509681348
19.359289401615335 1.3630548631350687 35.92262219523196
7.590024060997854 46.02796069288318 40.60202339113226
8.543250141624288 2.2285784484101114 24.722570469070458
1.2951175391559056 12.928643174537594 15.784267327848658
3.1782188954164052 10.030304433329023 38.303425414862936
33.04324862669174 0.42619007177074764 30.99158247788307
2.1466673489198307 39.79712920563106 5.01843101513493
15.793469525090828 43.82015551442185 3.1382181744936006
49.788625870887614 19.552098119210257 32.943167371617115
28.616803406051584 15.476709870732455 43.84232788986943
43.134219969613774 48.087847694023225 16.93019118885183
31.0530514939727 45.440002422730366 3.9398041102947916
28.853447364542014 24.491512613502163 27.775614083888236
28.68608500528072 9.477067275273344 24.85530637960181
0.8539556408657458 43.02958553930108 38.47280898400701
19.202155527456416 25.397610408615353 39.80368636420594
12.61001127898844 47.858190053842954 11.141828265832967
47.18574886814998 10.078118825633945 2.903611413356898
6.49803895479045 60.336045143995136 6.267737937815531
6.49803895479045 10.33604514399514 56.26773793781553
6.49803895479045 60.336045143995136 56.26773793781553
-4.559899415352682 31.220592301737756 17.763388043491712
31.2097075103274 60.67141276870232 31.90199660747498
8.871110508996367 52.10712889094802 1.2620801533903065
8.871110508996367 2.1071288909480184 51.26208015339031
8.871110508996367 52.10712889094802 51.26208015339031
23.539708145550556 -5.162647761228314 11.596411068667672
54.31605264355477 48.60109954198908 26.91625235961513
4.316052643554769 -1.398900458010921 26.91625235961513
54.31605264355477 -1.398900458010921 26.91625235961513
15.665260423258593 54.00817348556825 5.425580116971806
15.665260423258593 4.00817348556825 55.42558011697181
15.665260423258593 54.00817348556825 55.42558011697181
58.6537879818259 22.619567998260138 49.431381295080165
8.653787981825898 22.619567998260138 -0.5686187049198352
58.6537879818259 22.619567998260138 -0.5686187049198352
41.80847995511568 52.91657861144631 43.48473774059768
33.86715187603107 -12.856540775802927 31.974951324004962
-4.266732882409563 26.56156501265447 25.41246335603351
19.078787749338414 50.17260188055565 4.571228548471577
19.078787749338414 0.1726018805556552 54.57122854847158
19.078787749338414 50.17260188055565 54.57122854847158
31.265882768330655 29.631491154621 58.268255177078
28.17580331413344 25.057749028730452 53.57566363740225
19.359289401615335 51.36305486313507 35.92262219523196
57.590024060997855 46.02796069288318 40.60202339113226
7.590024060997854 -3.972039307116823 40.60202339113226
57.590024060997855 -3.972039307116823 40.60202339113226
8.543250141624288 52.22857844841011 24.722570469070458
51.2951175391559 12.928643174537594 15.784267327848658
1.2951175391559056 62.9286431745376 15.784267327848658
51.2951175391559 62.9286431745376 15.784267327848658
53.17821889541641 10.030304433329023 38.303425414862936
3.1782188954164052 60.03030443332902 38.303425414862936
53.17821889541641 60.03030443332902 38.303425414862936
33.04324862669174 50.42619007177075 30.99158247788307
2.1466673489198307 -10.202870794368941 5.01843101513493
52.146667348919834 -10.202870794368941 5.01843101513493
52.146667348919834 39.79712920563106 5.01843101513493
2.1466673489198307 39.79712920563106 55.01843101513493
2.1466673489198307 -10.202870794368941 55.01843101513493
52.146667348919834 -10.202870794368941 55.01843101513493
52.146667348919834 39.79712920563106 55.01843101513493
15.793469525090828 -6.179844485578151 3.1382181744936006
15.793469525090828 -6.179844485578151 53.1382181744936
15.793469525090828 43.82015551442185 53.1382181744936
-0.21137412911238584 19.552098119210257 32.943167371617115
28.616803406051584 15.476709870732455 -6.157672110130569
-6.865780030386226 48.087847694023225 16.93019118885183
43.134219969613774 -1.9121523059767753 16.93019118885183
-6.865780030386226 -1.9121523059767753 16.93019118885183
31.0530514939727 -4.559997577269634 3.9398041102947916
31.0530514939727 -4.559997577269634 53.939804110294794
31.0530514939727 45.440002422730366 53.939804110294794
28.68608500528072 59.47706727527334 24.85530637960181
50.85395564086575 43.02958553930108 38.47280898400701
0.8539556408657458 -6.970414460698919 38.47280898400701
50.85395564086575 -6.970414460698919 38.47280898400701
19.202155527456416 25.397610408615353 -10.196313635794063
12.61001127898844 -2.1418099461570463 11.141828265832967
47.18574886814998 60.07811882563394 2.903611413356898
-2.814251131850021 60.07811882563394 2.903611413356898
-2.814251131850021 10.078118825633945 2.903611413356898
47.18574886814998 10.078118825633945 52.9036114133569
47.18574886814998 60.07811882563394 52.9036114133569
-2.814251131850021 60.07811882563394 52.9036114133569
-2.814251131850021 10.078118825633945 52.9036114133569
